106.385902404785
106.245513916016
106.245513916016
106.245513916016
106.245513916016
106.245513916016
106.080718994141
106.245513916016
106.245513916016
106.245513916016
106.245513916016
106.245513916016
106.245513916016
106.245513916016
106.245513916016
106.245513916016
106.245513916016
106.245513916016
106.245513916016
106.385902404785
106.385902404785
106.245513916016
106.245513916016
106.245513916016
106.385902404785
106.385902404785
106.385902404785
106.245513916016
106.385902404785
106.385902404785
106.385902404785
106.385902404785
106.245513916016
106.544593811035
106.544593811035
106.544593811035
106.245513916016
106.385902404785
106.385902404785
106.544593811035
106.544593811035
106.385902404785
106.385902404785
106.385902404785
106.385902404785
106.245513916016
106.245513916016
106.245513916016
106.245513916016
106.245513916016
106.245513916016
106.245513916016
106.245513916016
106.245513916016
106.385902404785
106.385902404785
106.385902404785
106.385902404785
106.385902404785
106.385902404785
106.385902404785
106.385902404785
106.385902404785
106.385902404785
106.245513916016
106.245513916016
106.245513916016
106.245513916016
106.080718994141
105.922027587891
105.922027587891
105.781646728516
105.781646728516
105.629051208496
105.629051208496
105.629051208496
105.629051208496
105.629051208496
105.629051208496
105.488670349121
105.488670349121
105.488670349121
105.488670349121
105.488670349121
105.336082458496
105.336082458496
105.195693969727
105.195693969727
104.872207641602
104.872207641602
104.872207641602
104.731819152832
104.731819152832
104.731819152832
104.731819152832
104.731819152832
104.731819152832
104.573127746582
104.573127746582
